  -1.5199742e+04
  -2.3215706e+05
  -2.0349544e+05
  -1.8622031e+05
  -1.7923481e+05
  -1.7996044e+05
  -1.6790838e+05
  -1.3358988e+05
  -8.5412438e+04
  -5.3325570e+04
  -2.7320824e+04
   1.3665758e+04
   6.0778102e+04
   1.0567525e+05
   1.3701381e+05
   1.3948931e+05
   1.3821012e+05
   1.4549744e+05
   1.7230669e+05
   1.9738744e+05
   2.0037269e+05
   1.8358538e+05
   1.7764131e+05
   1.8845281e+05
   1.9160581e+05
   1.7460300e+05
   1.2610669e+05
   8.4937000e+04
   5.9908773e+04
   5.2918773e+04
   5.6666562e+04
   5.3854977e+04
   4.6111336e+04
   2.4258074e+04
  -8.3772734e+03
  -3.9203336e+04
  -6.3720391e+04
  -6.8237250e+04
  -6.1950562e+04
  -7.0196375e+04
  -9.6759062e+04
  -1.3600194e+05
  -1.5928781e+05
  -1.7840288e+05
  -1.9924306e+05
  -2.4222731e+05
  -2.9359956e+05
  -3.2129862e+05
  -3.2611838e+05
  -3.2001000e+05
  -3.2379494e+05
  -3.2730450e+05
  -3.2410312e+05
  -3.0205712e+05
  -2.6627900e+05
  -2.2935050e+05
  -1.9556850e+05
  -1.6085200e+05
  -1.1962931e+05
  -7.3685250e+04
  -1.7072531e+04
   3.4856766e+04
   6.6933812e+04
   9.1044812e+04
   1.1635362e+05
   1.4732681e+05
   1.8742994e+05
   2.2270231e+05
   2.4578481e+05
   2.5498569e+05
   2.6018650e+05
   2.7210506e+05
   2.9115025e+05
   2.9256756e+05
   2.7142856e+05
   2.4600488e+05
   2.1762838e+05
   2.0541331e+05
   1.8779294e+05
   1.3948444e+05
   6.8630000e+04
   2.3779062e+03
  -4.8816352e+04
  -8.6844250e+04
  -1.3386062e+05
  -1.7078481e+05
  -2.1099088e+05
  -2.3097762e+05
  -2.3621538e+05
  -2.4934850e+05
  -2.5879638e+05
  -2.8571819e+05
  -2.7968288e+05
  -2.8708362e+05
  -2.9326712e+05
  -2.8234075e+05
  -2.5580262e+05
  -2.4683519e+05
  -2.4363506e+05
  -2.3195081e+05
  -1.9719312e+05
  -1.3618250e+05
  -7.3659688e+04
  -2.8232168e+04
  -4.6628613e+02
   1.7873988e+04
   4.2136969e+04
   7.9991188e+04
   1.0585738e+05
   1.1410156e+05
   1.0547244e+05
   9.8528938e+04
   9.1768688e+04
   8.7843000e+04
   7.2751312e+04
   4.9996766e+04
   2.1284832e+04
  -5.6406133e+03
  -2.2582562e+04
  -2.0736945e+04
  -1.6292539e+04
  -2.6134000e+04
  -4.6254562e+04
  -6.0036133e+04
  -5.5076820e+04
  -3.8311578e+04
  -3.4289328e+04
  -4.7741742e+04
  -5.2215078e+04
  -3.8295859e+04
  -1.1430090e+04
   6.2329609e+03
   7.7861523e+03
   7.0156758e+03
   9.0565352e+03
   3.1150324e+04
   5.1647031e+04
   5.4916836e+04
   5.3814031e+04
   4.8763023e+04
   4.4995812e+04
   3.3054727e+04
   6.3243086e+03
  -2.0406102e+04
  -4.1155109e+04
  -6.0170484e+04
  -8.2836312e+04
  -1.0687388e+05
  -1.2997706e+05
  -1.4106525e+05
  -1.4698850e+05
  -1.6103694e+05
  -1.8191588e+05
  -2.0342475e+05
  -1.9238756e+05
  -1.7284769e+05
  -1.6634069e+05
  -1.8395269e+05
  -2.0099769e+05
  -1.8920581e+05
  -1.5348950e+05
  -1.2773319e+05
  -1.2096919e+05
  -1.2940362e+05
  -1.0876325e+05
  -6.2748844e+04
  -2.0940121e+04
  -8.9189697e+02
   6.1027109e+03
   1.4364352e+04
   3.6853258e+04
   6.0763156e+04
   7.0925312e+04
   8.0412750e+04
   7.6528812e+04
   7.1798375e+04
   7.8791562e+04
   8.6000875e+04
   8.6593188e+04
   8.6237562e+04
   8.5575500e+04
   7.7644062e+04
   7.2384625e+04
   6.6510625e+04
   5.7590844e+04
   5.2238484e+04
   4.4201133e+04
   2.1772957e+04
   4.3928662e+02
  -1.2312914e+04
  -1.0630332e+04
  -2.4341242e+04
  -5.1879109e+04
  -8.4189438e+04
  -1.0076819e+05
  -9.9307875e+04
  -9.3066000e+04
  -1.0756325e+05
  -1.2342306e+05
  -1.3369269e+05
  -1.2055850e+05
  -8.8784375e+04
  -7.6099438e+04
  -8.3887812e+04
  -9.5469625e+04
  -8.5165188e+04
  -6.7391500e+04
  -5.8730117e+04
  -6.3628875e+04
  -6.8349688e+04
  -7.2511438e+04
  -5.8384766e+04
  -4.6884383e+04
  -3.6555328e+04
  -3.1236688e+04
  -2.7171566e+04
  -1.1569617e+04
  -1.3475422e+04
  -2.1888793e+04
  -2.7006902e+04
  -1.6489090e+04
  -1.1238426e+04
  -1.5480559e+04
  -3.0167273e+04
  -3.1412438e+04
  -2.7231789e+04
  -2.0299816e+04
  -3.5002391e+04
  -4.9772438e+04
  -6.0561289e+04
  -5.1787102e+04
  -2.6737102e+04
  -1.5409438e+04
  -1.6350445e+04
  -2.2833348e+04
  -1.3005309e+04
   1.5471812e+04
   3.6596453e+04
   3.6305953e+04
   1.9544348e+04
   1.3838090e+04
   2.0737617e+04
   3.2260184e+04
   2.8008078e+04
   2.4795576e+03
  -1.8745527e+04
  -2.0996379e+04
  -2.5986531e+04
  -3.8105703e+04
  -5.2775281e+04
  -4.7381695e+04
  -3.0284406e+04
   5.5632852e+03
   3.4139133e+04
   5.4725930e+04
   4.8915570e+04
   3.0595562e+04
   9.6546016e+03
  -2.1753394e+02
  -1.8915492e+04
  -2.5646008e+04
  -3.1328910e+04
  -3.9053617e+04
  -5.1257672e+04
  -5.9767797e+04
  -4.6586461e+04
  -3.1729586e+04
  -2.8689727e+04
  -4.8812672e+04
  -7.3928250e+04
  -8.0041688e+04
  -7.5109938e+04
  -6.7966500e+04
  -8.3723000e+04
  -1.0477019e+05
  -1.1886494e+05
  -1.0155956e+05
  -8.8059312e+04
  -8.6165500e+04
  -8.7343812e+04
  -8.0907625e+04
  -5.9672836e+04
  -3.5912211e+04
  -2.7679047e+04
  -1.3391176e+04
   3.7537622e+03
   2.7153324e+04
   4.4960875e+04
   5.8789484e+04
   6.6834688e+04
   9.1686875e+04
   9.8772750e+04
   7.8755375e+04
   3.6300391e+04
   9.5996289e+03
  -8.0183398e+03
  -2.6297172e+04
  -5.0731117e+04
  -7.1987625e+04
  -8.4101312e+04
  -6.5169016e+04
  -4.0421383e+04
  -1.9828875e+04
  -2.7793258e+04
  -4.7141125e+04
  -5.0948688e+04
  -5.3072211e+04
  -5.5266211e+04
  -8.5035562e+04
  -1.2167044e+05
  -1.3273188e+05
  -1.1923331e+05
  -9.9794250e+04
  -8.3875500e+04
  -6.5480812e+04
  -3.2724234e+04
   2.3708383e+04
   6.9678438e+04
   9.5731688e+04
   9.9200875e+04
   1.0049044e+05
   9.1389250e+04
   7.3216688e+04
   5.1598586e+04
   3.5679977e+04
   3.4697234e+04
   4.2087906e+04
   5.1535398e+04
   5.1399492e+04
   6.7402500e+04
   8.8109938e+04
   9.6709500e+04
   8.5544688e+04
   6.8810188e+04
   6.6456750e+04
   7.1490062e+04
   7.5469812e+04
   6.0712195e+04
   4.4384438e+04
   3.5697219e+04
   2.9524754e+04
   1.5658773e+04
  -6.5619727e+03
  -5.0539594e+04
  -9.1787062e+04
  -1.2419969e+05
  -1.5986131e+05
  -1.8257512e+05
  -2.0626669e+05
  -2.1808419e+05
  -2.3276569e+05
  -2.5880475e+05
  -2.7709506e+05
  -2.8825706e+05
  -2.7182662e+05
  -2.6275931e+05
  -2.5714481e+05
  -2.6051906e+05
  -2.4572600e+05
  -2.1112788e+05
  -1.6640869e+05
  -1.4002600e+05
  -1.2305706e+05
  -8.9140812e+04
  -2.9529992e+04
   3.9500117e+04
   9.1180812e+04
   1.0212131e+05
   1.1043412e+05
   1.2416388e+05
   1.3896038e+05
   1.4529256e+05
   1.3086888e+05
   1.0708775e+05
   1.0311806e+05
   1.2970200e+05
   1.5911462e+05
   1.7607881e+05
   1.7620325e+05
   1.8017831e+05
   1.9200188e+05
   2.0468375e+05
   1.8588425e+05
   1.6374838e+05
   1.4067325e+05
   1.1488894e+05
   9.0865250e+04
   6.9789250e+04
   4.7146367e+04
   2.2360148e+04
  -1.9267090e+02
  -3.8373656e+04
  -8.0968938e+04
  -1.1167981e+05
  -1.2288044e+05
  -1.2931356e+05
  -1.4786850e+05
  -1.7919194e+05
  -1.9580106e+05
  -1.9075300e+05
  -1.7225800e+05
  -1.6992900e+05
  -1.8095894e+05
  -2.0529812e+05
  -2.0338569e+05
  -1.8864788e+05
  -1.7829538e+05
  -1.8067375e+05
  -1.8598788e+05
  -1.7184844e+05
  -1.4396962e+05
  -1.0812788e+05
  -7.1467125e+04
  -5.1919305e+04
  -1.7567375e+04
   1.3992617e+04
   4.7315258e+04
   6.7383438e+04
   6.6061562e+04
   6.9009375e+04
   7.0561625e+04
   6.7869625e+04
   6.3240219e+04
   5.5440336e+04
   4.8000711e+04
   3.2129398e+04
  -5.1040617e+04
  -2.3663969e+05
  -6.3832862e+05
  -1.4549900e+06
  -3.0500120e+06
  -5.8074920e+06
  -9.9244500e+06
  -1.5101710e+07
  -2.0125408e+07
  -2.3061600e+07
  -2.1544608e+07
  -1.3665464e+07
   1.1529300e+06
   2.1500368e+07
   4.4016864e+07
   6.4040192e+07
   7.7081408e+07
   7.9718960e+07
   7.0575952e+07
   5.0586112e+07
   2.2694816e+07
  -8.8164100e+06
  -3.8901776e+07
  -6.2829088e+07
  -7.7329072e+07
  -8.1283280e+07
  -7.5769664e+07
  -6.3571600e+07
  -4.8116880e+07
  -3.2254240e+07
  -1.7840480e+07
  -5.6210970e+06
   4.2867750e+06
   1.2043260e+07
   1.7728704e+07
   2.1337552e+07
   2.2874800e+07
   2.2366688e+07
   1.9955984e+07
   1.6116236e+07
   1.1666102e+07
   7.6992880e+06
   5.2883460e+06
   5.0698660e+06
   7.0033000e+06
   1.0317774e+07
   1.3796396e+07
   1.6198034e+07
   1.6725918e+07
   1.5346238e+07
   1.2762902e+07
   9.9942520e+06
   7.9047200e+06
   6.7962270e+06
   6.4794540e+06
   6.4976730e+06
   6.5025440e+06
   6.3797730e+06
   6.1620110e+06
   5.8236120e+06
   5.1593690e+06
   3.8981470e+06
   1.9189470e+06
  -5.4644962e+05
  -3.0528020e+06
  -5.1957320e+06
  -6.8674830e+06
  -8.3644180e+06
  -1.0210864e+07
  -1.2868046e+07
  -1.6426918e+07
  -2.0580496e+07
  -2.4704336e+07
  -2.8084272e+07
  -3.0150000e+07
  -3.0567664e+07
  -2.9258832e+07
  -2.6277376e+07
  -2.1784240e+07
  -1.6010730e+07
  -9.2358980e+06
  -1.8002830e+06
   5.8684900e+06
   1.3221254e+07
   1.9664384e+07
   2.4638640e+07
   2.7820800e+07
   2.9191184e+07
   2.8919808e+07
   2.7316320e+07
   2.4681424e+07
   2.1278672e+07
   1.7349216e+07
   1.3093876e+07
   8.8057400e+06
   4.7793160e+06
   1.4033210e+06
  -9.9088162e+05
  -2.2900410e+06
  -2.6405740e+06
  -2.4669320e+06
  -2.2678270e+06
  -2.4349480e+06
  -3.1758900e+06
  -4.4529710e+06
  -6.0550940e+06
  -7.7073720e+06
  -9.1300840e+06
  -1.0151258e+07
  -1.0696282e+07
  -1.0886464e+07
  -1.0738406e+07
  -1.0341286e+07
  -9.6951460e+06
  -8.8280620e+06
  -7.7583040e+06
  -6.5112410e+06
  -5.1365980e+06
  -3.6970990e+06
  -2.2913070e+06
  -9.7414325e+05
   2.7295794e+05
   1.4902670e+06
   2.7120900e+06
   3.9567030e+06
   5.2150160e+06
   6.4350340e+06
   7.5774990e+06
   8.5892340e+06
   9.4032640e+06
   9.8942240e+06
   9.9404760e+06
   9.4274000e+06
   8.2800580e+06
   6.5196630e+06
   4.2947660e+06
   1.8462870e+06
  -5.1670112e+05
  -2.5537360e+06
  -4.1337590e+06
  -5.2301610e+06
  -5.8753500e+06
  -6.1714290e+06
  -6.1877140e+06
  -6.0334690e+06
  -5.7637540e+06
  -5.3808610e+06
  -4.8349110e+06
  -4.0768070e+06
  -3.0985070e+06
  -1.9479160e+06
  -7.0348175e+05
   5.2975925e+05
   1.6390890e+06
   2.5020430e+06
   3.0148310e+06
   3.1372890e+06
   2.9096920e+06
   2.4456980e+06
   1.8145220e+06
   1.0932190e+06
   3.4399519e+05
  -3.3977612e+05
  -8.9428525e+05
  -1.2547360e+06
  -1.3870610e+06
  -1.2827010e+06
  -9.2612725e+05
  -3.4417925e+05
   3.9696856e+05
   1.2178530e+06
   1.9780130e+06
   2.5836320e+06
   2.9131170e+06
   2.8703230e+06
   2.3646120e+06
   1.4029380e+06
   7.6122000e+04
  -1.5282090e+06
  -3.2819940e+06
  -5.0166460e+06
  -6.5329510e+06
  -7.6211230e+06
  -8.1247760e+06
  -7.9764810e+06
  -7.1942760e+06
  -5.8353960e+06
  -3.9513100e+06
  -1.6645950e+06
   8.8243925e+05
   3.4722300e+06
   5.9073560e+06
   8.0246870e+06
   9.6371580e+06
   1.0592910e+07
   1.0745780e+07
   1.0087280e+07
   8.7088040e+06
   6.7948330e+06
   4.5759380e+06
   2.2993540e+06
   2.2115362e+05
  -1.4668560e+06
  -2.6512500e+06
  -3.3349350e+06
  -3.5749030e+06
  -3.4896260e+06
  -3.1915210e+06
  -2.8192960e+06
  -2.4853210e+06
  -2.2972480e+06
  -2.2848850e+06
  -2.4127910e+06
  -2.6420560e+06
  -2.9186880e+06
  -3.2136600e+06
  -3.4828590e+06
  -3.6524960e+06
  -3.6585840e+06
  -3.4792780e+06
  -3.1547580e+06
  -2.7420490e+06
  -2.2669800e+06
  -1.7738130e+06
  -1.2930120e+06
  -8.7066612e+05
  -5.3753100e+05
  -2.6142662e+05
   1.1716906e+04
   3.2590612e+05
   6.9721700e+05
   1.1337030e+06
   1.6325920e+06
   2.1556720e+06
   2.6435340e+06
   3.0242970e+06
   3.2470570e+06
   3.2629240e+06
   3.1021350e+06
   2.7883770e+06
   2.3576680e+06
   1.8716510e+06
   1.3696470e+06
   9.1636875e+05
   5.2365750e+05
   1.7939531e+05
  -1.1557200e+05
  -3.3433856e+05
  -4.5419375e+05
  -4.8475194e+05
  -4.4680638e+05
  -3.9313325e+05
  -3.4176062e+05
  -3.1048375e+05
  -3.1165225e+05
  -3.5415325e+05
  -4.6100731e+05
  -6.2764438e+05
  -8.3972600e+05
  -1.0511790e+06
  -1.2248350e+06
  -1.3552700e+06
  -1.4189450e+06
  -1.3732960e+06
  -1.1823750e+06
  -8.5096712e+05
  -4.1274775e+05
   4.9295312e+04
   4.9253856e+05
   8.8264575e+05
   1.1820350e+06
   1.3729310e+06
   1.4535620e+06
   1.4502650e+06
   1.3921580e+06
   1.3058740e+06
   1.2010220e+06
   1.0899810e+06
   9.6187588e+05
   8.0475600e+05
   5.8228275e+05
   2.6358731e+05
  -1.4638038e+05
  -6.1696912e+05
  -1.1326760e+06
  -1.6663450e+06
  -2.1478140e+06
  -2.5254450e+06
  -2.7708540e+06
  -2.8767800e+06
  -2.8761440e+06
  -2.7895560e+06
  -2.6260790e+06
  -2.3858210e+06
  -2.0745150e+06
  -1.7038710e+06
  -1.2605840e+06
  -7.3353338e+05
  -1.4470100e+05
   4.5409212e+05
   1.0078471e+06
   1.4780980e+06
   1.8450360e+06
   2.0744340e+06
   2.1382480e+06
   2.0351930e+06
   1.8041950e+06
   1.5141550e+06
   1.2262540e+06
   9.3862688e+05
   6.7066912e+05
   4.5333131e+05
   3.1522731e+05
   2.6361069e+05
   3.0112056e+05
   4.0169231e+05
   5.4437250e+05
   7.2874162e+05
   9.6343312e+05
   1.2065790e+06
   1.4082140e+06
   1.5333810e+06
   1.5568230e+06
   1.4921070e+06
   1.3147420e+06
   1.0324006e+06
   6.4129388e+05
   1.7808994e+05
  -3.3125444e+05
  -8.5774488e+05
  -1.3821840e+06
  -1.8618020e+06
  -2.2708100e+06
  -2.5755230e+06
  -2.7833840e+06
  -2.8965760e+06
  -2.9128530e+06
  -2.8211660e+06
  -2.6093030e+06
  -2.3233150e+06
  -1.9901860e+06
  -1.6267440e+06
  -1.2462840e+06
  -8.2717112e+05
  -4.1003625e+05
  -1.2472148e+04
   3.5565831e+05
   6.9700062e+05
   1.0523010e+06
   1.3945440e+06
   1.6838670e+06
   1.8944660e+06
   2.0254670e+06
   2.1133750e+06
   2.1564000e+06
   2.1624400e+06
   2.1140780e+06
   2.0264320e+06
   1.9359760e+06
   1.8506960e+06
   1.7609900e+06
   1.6668890e+06
   1.5567120e+06
   1.4037020e+06
   1.1751280e+06
   8.4552950e+05
   4.0654531e+05
  -1.2045238e+05
  -7.0166775e+05
  -1.2793190e+06
  -1.8045180e+06
  -2.2233150e+06
  -2.5173810e+06
  -2.6606710e+06
  -2.6776200e+06
  -2.5841190e+06
  -2.4294970e+06
  -2.2414990e+06
  -2.0166170e+06
  -1.7778370e+06
  -1.5426420e+06
  -1.3334440e+06
  -1.1476780e+06
  -9.5579862e+05
  -7.4927888e+05
  -5.4248462e+05
  -3.6669969e+05
  -2.3546862e+05
  -1.3426950e+05
  -4.6624703e+04
   3.5634305e+04
   1.2781194e+05
   2.4718825e+05
   4.2552294e+05
   6.9910675e+05
   1.0439891e+06
   1.4404440e+06
   1.8162380e+06
   2.1250140e+06
   2.3339710e+06
   2.4293750e+06
   2.3916990e+06
   2.2446700e+06
   2.0003420e+06
   1.6981000e+06
   1.3805740e+06
   1.0824420e+06
   8.1702812e+05
   5.8918325e+05
   4.0004800e+05
   2.3375819e+05
   6.3007844e+04
  -1.1168475e+05
  -2.7383225e+05
  -4.0982550e+05
  -5.1538800e+05
  -5.9523388e+05
  -6.8434988e+05
  -7.5056488e+05
  -8.1843300e+05
  -9.0738062e+05
  -1.0078002e+06
  -1.1108880e+06
  -1.1723830e+06
  -1.1817270e+06
  -1.1352980e+06
  -1.0483070e+06
  -9.2277900e+05
  -7.7998700e+05
  -6.6007200e+05
  -5.7918638e+05
  -5.5946988e+05
  -5.9470938e+05
  -6.5317688e+05
  -7.3378462e+05
  -8.1459775e+05
  -8.6550912e+05
  -8.5802162e+05
  -7.5976088e+05
  -5.8611662e+05
  -3.5310562e+05
  -8.2725312e+04
   2.1720269e+05
   5.2955000e+05
   8.1910062e+05
   1.0329104e+06
   1.1469360e+06
   1.1617300e+06
   1.0832270e+06
   9.0975688e+05
   6.2022312e+05
   2.5540806e+05
  -1.2267769e+05
  -4.3328950e+05
  -6.1260162e+05
  -6.3394412e+05
  -5.0085506e+05
  -2.1856125e+05
   2.0594319e+05
   6.9453838e+05
   1.1462690e+06
   1.4567930e+06
   1.5623990e+06
   1.4689940e+06
   1.1993100e+06
   7.7932425e+05
   2.7721950e+05
  -2.3426525e+05
  -6.5639900e+05
  -9.3636425e+05
  -1.0675980e+06
  -1.0620680e+06
  -9.3409250e+05
  -7.1423900e+05
  -4.5418038e+05
  -2.0313606e+05
  -4.0836719e+03
   1.3649181e+05
   2.0949694e+05
   2.0684256e+05
   1.2307206e+05
  -2.9689883e+04
  -2.2877356e+05
  -4.2831481e+05
  -6.1172775e+05
  -7.6058000e+05
  -8.5804038e+05
  -8.7433062e+05
  -7.7579900e+05
  -5.6740638e+05
  -2.9454044e+05
   3.3425859e+03
   2.9887538e+05
   5.9471162e+05
   8.4433188e+05
   1.0072636e+06
   1.0666100e+06
   1.0203226e+06
   9.1754075e+05
   7.7730925e+05
   6.0822650e+05
   4.1861469e+05
   2.2586250e+05
   6.2622234e+04
  -6.4240242e+04
  -1.6453450e+05
  -2.6727719e+05
  -3.7630756e+05
  -4.7544762e+05
  -5.4273225e+05
  -5.7120450e+05
  -5.7626862e+05
  -5.4695238e+05
  -4.7193106e+05
  -3.5647194e+05
  -2.3804506e+05
  -1.4783769e+05
  -9.4883250e+04
  -9.2175312e+04
  -1.4027412e+05
  -2.4653956e+05
  -3.8034562e+05
  -5.1453731e+05
  -5.8907138e+05
  -5.8523125e+05
  -5.0005056e+05
  -3.4930475e+05
  -1.3411925e+05
   1.5053894e+05
   4.6687800e+05
   7.5107438e+05
   9.4344562e+05
   1.0385928e+06
   1.0495020e+06
   9.9177000e+05
   8.4889862e+05
   6.4305362e+05
   3.9313356e+05
   1.7313600e+05
   1.4216691e+04
  -7.3601125e+04
  -1.0669675e+05
  -1.0921400e+05
  -8.8612312e+04
  -5.2644406e+04
  -3.6364094e+04
  -5.7316523e+04
  -1.2347950e+05
  -2.2607306e+05
  -3.5995994e+05
  -5.1148869e+05
  -6.4250088e+05
  -7.2782475e+05
  -7.5322088e+05
  -7.0573750e+05
  -6.3814288e+05
  -5.4216662e+05
  -4.6164131e+05
  -3.7048781e+05
  -2.7694344e+05
  -1.9742538e+05
  -1.4547975e+05
  -1.0299612e+05
  -4.8481164e+04
   2.1102562e+04
   9.5500625e+04
   1.4402225e+05
   1.8292156e+05
   2.2646694e+05
   2.6672588e+05
   2.8550675e+05
   2.7422538e+05
   2.4636662e+05
   2.2858088e+05
   2.3167125e+05
   2.5298456e+05
   2.6339762e+05
   2.6299944e+05
   2.5818300e+05
   2.7138238e+05
   2.8509781e+05
   2.9127606e+05
   2.9188244e+05
   3.0822262e+05
   3.2265762e+05
   3.5433650e+05
   3.7417944e+05
   3.9324825e+05
   3.9249625e+05
   3.7288662e+05
   3.0473619e+05
   1.9982481e+05
   8.1761875e+04
  -3.5728570e+04
  -1.5370000e+05
  -2.9433019e+05
  -4.5954625e+05
  -6.2006250e+05
  -7.4976462e+05
  -8.4303900e+05
  -9.1574088e+05
  -9.7608662e+05
  -1.0001131e+06
  -9.5337125e+05
  -8.3360725e+05
  -6.5772800e+05
  -4.4966031e+05
  -2.1082212e+05
   5.7985336e+04
   3.4453719e+05
   6.1895300e+05
   8.6565962e+05
   1.0514550e+06
   1.1706050e+06
   1.2333060e+06
   1.2295450e+06
   1.1510070e+06
   9.9166838e+05
   7.5697675e+05
   4.9781931e+05
   2.2813988e+05
   5.8248789e+03
  -1.8619856e+05
  -3.2618394e+05
  -3.9916025e+05
  -4.0971306e+05
  -3.7638488e+05
  -3.4165831e+05
  -3.2531056e+05
  -3.6056038e+05
  -4.4829531e+05
  -5.8281212e+05
  -7.6734212e+05
  -9.8041925e+05
  -1.1836310e+06
  -1.3440210e+06
  -1.4367750e+06
  -1.4535970e+06
  -1.3753650e+06
  -1.1796000e+06
  -8.9776738e+05
  -5.6085938e+05
  -2.1381138e+05
   1.1205106e+05
   4.0369306e+05
   6.3303200e+05
   7.8788512e+05
   8.4094362e+05
   8.1819725e+05
   7.5926488e+05
   7.0790188e+05
   6.6031975e+05
   6.3014500e+05
   6.0365612e+05
   6.0499050e+05
   6.2992162e+05
   6.5391212e+05
   6.5055350e+05
   6.2454025e+05
   5.5515412e+05
   4.6580956e+05
   3.6785319e+05
   2.4884081e+05
   1.4559669e+05
   5.4634305e+04
  -4.5069297e+03
  -3.4008664e+04
  -3.7684305e+04
  -3.1804336e+04
  -1.5860016e+04
  -7.0827422e+03
  -2.7391906e+04
  -9.0914938e+04
  -1.7435381e+05
  -2.6710181e+05
  -3.5163950e+05
  -4.4504331e+05
  -5.2745200e+05
  -5.8781050e+05
  -5.9697662e+05
  -5.4566325e+05
  -4.5663369e+05
  -3.4172550e+05
  -2.0247606e+05
  -3.3589047e+04
   1.5321725e+05
   3.3274431e+05
   4.7697538e+05
   5.7218825e+05
   6.2891775e+05
   6.4219988e+05
   6.2487938e+05
   5.5827975e+05
   4.7222300e+05
   3.9267781e+05
   3.4214194e+05
   3.2311769e+05
   3.1643600e+05
   3.1752438e+05
   3.1092612e+05
   2.8266519e+05
   2.2867750e+05
   1.3511150e+05
   4.6412695e+03
  -1.6683012e+05
  -3.7781412e+05
  -6.2238712e+05
  -8.7734925e+05
  -1.1160340e+06
  -1.2947040e+06
  -1.3969420e+06
  -1.4014770e+06
  -1.3018750e+06
  -1.0746950e+06
  -7.3589925e+05
  -3.2591512e+05
   6.8890438e+04
   3.8508994e+05
   5.8592075e+05
   6.5683925e+05
   5.7846012e+05
   3.7928838e+05
   1.1746438e+05
  -1.3050969e+05
  -3.0551638e+05
  -3.8190225e+05
  -3.3591988e+05
  -1.7981925e+05
   5.3826750e+04
   2.8829150e+05
   4.7703038e+05
   5.5542262e+05
   5.2133369e+05
   3.8419988e+05
   1.4984825e+05
  -1.5915269e+05
  -4.8571075e+05
  -7.4683512e+05
  -9.0064462e+05
  -9.2624638e+05
  -8.5804800e+05
  -7.1025775e+05
  -4.8498562e+05
  -2.0613169e+05
   8.1075625e+04
   3.2969019e+05
   5.1431131e+05
   6.5250300e+05
   7.7715425e+05
   8.9940100e+05
   1.0098642e+06
   1.0908240e+06
   1.1702590e+06
   1.2776670e+06
   1.3929600e+06
   1.4858900e+06
   1.5057930e+06
   1.4498790e+06
   1.3264580e+06
   1.1442950e+06
   8.8588838e+05
   5.4162750e+05
   1.2460244e+05
  -3.1894025e+05
  -7.5881200e+05
  -1.1744390e+06
  -1.5308500e+06
  -1.7864540e+06
  -1.9020660e+06
  -1.8793790e+06
  -1.7159840e+06
  -1.4069750e+06
  -1.0067199e+06
  -5.4337350e+05
  -8.2890062e+04
   3.2393225e+05
   6.3222088e+05
   7.9341675e+05
   8.0424000e+05
   6.6609162e+05
   4.0429694e+05
   6.6206750e+04
  -2.9841325e+05
  -6.2291600e+05
  -8.4689900e+05
  -9.4934525e+05
  -9.5837662e+05
  -8.9901212e+05
  -8.3202575e+05
  -7.9638188e+05
  -8.1567400e+05
  -9.1640275e+05
  -1.0889150e+06
  -1.3115250e+06
  -1.5392060e+06
  -1.7091940e+06
  -1.7640110e+06
  -1.6820210e+06
  -1.4820200e+06
  -1.1896010e+06
  -8.2730150e+05
  -4.3690962e+05
  -4.5066203e+04
   3.1344212e+05
   6.0802162e+05
   8.4087412e+05
   1.0447391e+06
   1.2659910e+06
   1.5291930e+06
   1.8324470e+06
   2.1868910e+06
   2.5974360e+06
   3.0441570e+06
   3.5116230e+06
   3.9179490e+06
   4.1808530e+06
   4.2457340e+06
   4.0871850e+06
   3.7232570e+06
   3.1655640e+06
   2.4271930e+06
   1.5823490e+06
   7.2495550e+05
  -5.1882578e+04
  -6.8755225e+05
  -1.1491290e+06
  -1.4229110e+06
  -1.5140000e+06
  -1.4326180e+06
  -1.2389930e+06
  -9.9282325e+05
  -7.6870688e+05
  -6.3395988e+05
  -6.1403275e+05
  -7.3479088e+05
  -9.8879125e+05
  -1.3804380e+06
  -1.8532130e+06
  -2.3651570e+06
  -2.8672320e+06
  -3.3161540e+06
  -3.6652640e+06
  -3.8724180e+06
  -3.8966930e+06
  -3.7408200e+06
  -3.3897160e+06
  -2.8431670e+06
  -2.1030450e+06
  -1.2236860e+06
  -2.7497262e+05
   6.7076388e+05
   1.5479650e+06
   2.3105840e+06
   2.9213360e+06
   3.3568330e+06
   3.5705570e+06
   3.5713110e+06
   3.3915560e+06
   3.0753190e+06
   2.6849060e+06
   2.2529050e+06
   1.7986240e+06
   1.3699350e+06
   9.9816700e+05
   7.2382762e+05
   4.9360538e+05
   3.1016488e+05
   1.3124681e+05
  -4.4310547e+04
  -2.3827781e+05
  -4.7221088e+05
  -7.8551550e+05
  -1.1981670e+06
  -1.6669050e+06
  -2.1555180e+06
  -2.6349160e+06
  -3.0541260e+06
  -3.3919030e+06
  -3.5756800e+06
  -3.5889070e+06
  -3.4380880e+06
  -3.1359960e+06
  -2.7172900e+06
  -2.2381310e+06
  -1.7087690e+06
  -1.1877140e+06
  -7.1242338e+05
  -2.9877206e+05
   6.8806812e+04
   3.9315281e+05
   6.6871875e+05
   8.8656012e+05
   1.0709870e+06
   1.2510720e+06
   1.4313210e+06
   1.5963560e+06
   1.7323660e+06
   1.8463780e+06
   1.9557730e+06
   2.0712970e+06
   2.1625340e+06
   2.2116140e+06
   2.2181030e+06
   2.1873980e+06
   2.1320270e+06
   2.0353380e+06
   1.8832570e+06
   1.7007470e+06
   1.4916100e+06
   1.2616060e+06
   1.0192588e+06
   7.5919775e+05
   4.9334250e+05
   2.3234181e+05
  -1.4158312e+04
  -2.6580950e+05
  -5.1530106e+05
  -7.4186475e+05
  -9.2366388e+05
  -1.0677110e+06
  -1.1825830e+06
  -1.2584780e+06
  -1.2702180e+06
  -1.2205860e+06
  -1.1068150e+06
  -9.6551925e+05
  -8.0706838e+05
  -6.2266512e+05
  -4.1088831e+05
  -1.8869381e+05
   1.6960461e+04
   1.9124050e+05
   3.4536338e+05
   4.9038912e+05
   6.3030162e+05
   7.2302988e+05
   7.6833712e+05
   7.6472075e+05
   7.5193412e+05
   7.2769125e+05
   6.7352462e+05
   5.8808400e+05
   4.8291000e+05
   4.0346575e+05
   3.4289575e+05
   2.9912838e+05
   2.6960725e+05
   2.6195556e+05
   2.7140688e+05
   2.9392944e+05
   3.0515444e+05
   2.9732575e+05
   2.7098788e+05
   2.2399819e+05
   1.3629288e+05
  -2.5690117e+03
  -2.0130394e+05
  -4.2055531e+05
  -6.2614662e+05
  -8.2407662e+05
  -1.0263390e+06
  -1.2192800e+06
  -1.3869550e+06
  -1.5012840e+06
  -1.5538390e+06
  -1.5746780e+06
  -1.5708470e+06
  -1.5384800e+06
  -1.4482560e+06
  -1.3103760e+06
  -1.1362920e+06
  -9.4571012e+05
  -7.5308425e+05
  -5.5165138e+05
  -3.4329494e+05
  -1.5190650e+05
  -3.6876914e+03
   9.1292812e+04
   1.3320238e+05
   1.2059444e+05
   5.5789344e+04
  -5.4928703e+04
  -1.9066919e+05
  -3.1855200e+05
  -4.2928631e+05
  -5.0884662e+05
  -5.3830475e+05
  -5.0078731e+05
  -4.0127050e+05
  -2.4643088e+05
  -4.3381906e+04
   1.7582825e+05
   3.9660462e+05
   6.1034338e+05
   7.9776962e+05
   9.2775375e+05
   9.8210638e+05
   9.6321362e+05
   8.8799900e+05
   7.7468650e+05
   6.1673125e+05
   4.2739494e+05
   2.0520138e+05
   7.2364062e+02
  -1.5784575e+05
  -2.8371519e+05
  -3.6987962e+05
  -4.2524694e+05
  -4.4119944e+05
  -4.0818525e+05
  -3.3137188e+05
  -2.4625406e+05
  -1.5460044e+05
  -6.8918500e+04
   2.1184953e+04
   1.1857794e+05
   2.0961894e+05
   3.0059006e+05
   4.0312225e+05
   5.1371769e+05
   6.2688062e+05
   7.3713712e+05
   8.4072625e+05
   9.4603900e+05
   1.0410581e+06
   1.1393440e+06
   1.2032420e+06
   1.2347180e+06
   1.2661030e+06
   1.2966680e+06
   1.3236910e+06
   1.3353860e+06
   1.3166390e+06
   1.2930640e+06
   1.2819750e+06
   1.2731410e+06
   1.2365040e+06
   1.1665640e+06
   1.0601750e+06
   9.4667312e+05
   8.3130162e+05
   6.9483750e+05
   5.2437950e+05
   3.1669125e+05
   1.1311869e+05
  -7.9159625e+04
  -2.7258031e+05
  -4.6963869e+05
  -6.7151725e+05
  -8.5471088e+05
  -1.0173386e+06
  -1.1712340e+06
  -1.3420340e+06
  -1.4980160e+06
  -1.6522790e+06
  -1.8020550e+06
  -1.9735160e+06
  -2.1337690e+06
  -2.2696420e+06
  -2.3731220e+06
  -2.4361710e+06
  -2.4817010e+06
  -2.4875350e+06
  -2.4209870e+06
  -2.2822660e+06
  -2.0950340e+06
  -1.8777220e+06
  -1.6150190e+06
  -1.3088980e+06
  -9.7031812e+05
  -6.4264575e+05
  -3.2338388e+05
  -2.7177586e+04
   2.5001650e+05
   4.9146644e+05
   6.9933112e+05
   8.7087400e+05
   1.0202440e+06
   1.1544720e+06
   1.2703450e+06
   1.3600010e+06
   1.4301880e+06
   1.5003710e+06
   1.5716660e+06
   1.6125040e+06
   1.6202780e+06
   1.5903180e+06
   1.5568590e+06
   1.5246670e+06
   1.4664840e+06
   1.3875470e+06
   1.2906550e+06
   1.1915790e+06
   1.1101540e+06
   1.0549170e+06
   9.9459512e+05
   9.1469050e+05
   8.3379275e+05
   7.6317200e+05
   6.9833862e+05
   6.0734625e+05
   4.7907700e+05
   3.3045950e+05
   1.6841300e+05
   3.3668594e+03
  -1.7196381e+05
  -3.4207075e+05
  -4.9189494e+05
  -6.1899025e+05
  -7.3889388e+05
  -8.4144712e+05
  -9.0564388e+05
  -9.2392638e+05
  -9.0255988e+05
  -8.7739650e+05
  -8.2573350e+05
  -7.5912788e+05
  -6.7143412e+05
  -5.8268200e+05
  -5.0500619e+05
  -4.3436694e+05
  -3.8988931e+05
  -3.5633506e+05
  -3.0804412e+05
  -2.4650319e+05
  -2.0077300e+05
  -1.8884906e+05
  -1.8814244e+05
  -1.6760950e+05
  -1.2561662e+05
  -8.2211188e+04
  -5.0613242e+04
  -3.1900531e+04
  -2.9983945e+03
   2.7159020e+04
   5.2081875e+04
   5.4517055e+04
   3.9994930e+04
   1.0758688e+04
  -4.4200469e+04
  -1.3030081e+05
  -2.5781400e+05
  -4.0122025e+05
  -5.3389412e+05
  -6.6488225e+05
  -7.8381712e+05
  -9.0139750e+05
  -9.7068525e+05
  -9.7905400e+05
  -9.0695788e+05
  -7.9056925e+05
  -6.2991312e+05
  -4.3227550e+05
  -1.8843362e+05
   7.6142562e+04
   3.4795006e+05
   6.0106612e+05
   8.2325712e+05
   1.0178696e+06
   1.1808360e+06
   1.3256060e+06
   1.4105760e+06
   1.4554040e+06
   1.4439820e+06
   1.3993480e+06
   1.3173280e+06
   1.1902660e+06
   1.0318936e+06
   8.4588675e+05
   6.4923700e+05
   4.4297400e+05
   2.2637869e+05
   1.9309203e+04
  -1.6239462e+05
  -3.1651375e+05
  -4.6869725e+05
  -6.1393025e+05
  -7.4018275e+05
  -8.2684112e+05
  -9.0007950e+05
  -9.7125875e+05
  -1.0621840e+06
  -1.1657870e+06
  -1.2553020e+06
  -1.3193640e+06
  -1.3691350e+06
  -1.4311880e+06
  -1.4876750e+06
  -1.4926540e+06
  -1.4470500e+06
  -1.3560970e+06
  -1.2408650e+06
  -1.1104850e+06
  -9.3695625e+05
  -7.1847812e+05
  -4.8642631e+05
  -2.4391156e+05
   4.7063281e+02
   2.6364956e+05
   5.4263575e+05
   8.1587025e+05
   1.0662980e+06
   1.3009730e+06
   1.5242600e+06
   1.7269310e+06
   1.8789880e+06
   1.9620000e+06
   1.9933090e+06
   1.9908050e+06
   1.9638680e+06
   1.8811470e+06
   1.7488760e+06
   1.5706770e+06
   1.3863610e+06
   1.2262500e+06
   1.0557050e+06
   8.5714288e+05
   6.4271612e+05
   4.4188056e+05
   2.4236350e+05
   4.3403016e+04
  -1.8903275e+05
  -4.4517206e+05
  -7.0130450e+05
  -9.3903662e+05
  -1.1747750e+06
  -1.3966890e+06
  -1.5914170e+06
  -1.7476590e+06
  -1.8621800e+06
  -1.9449660e+06
  -1.9893530e+06
  -1.9705580e+06
  -1.9038880e+06
  -1.7990710e+06
  -1.6825260e+06
  -1.5435760e+06
  -1.3781590e+06
  -1.1816830e+06
  -9.6830688e+05
  -7.6684562e+05
  -5.7195000e+05
  -3.6424106e+05
  -1.2931250e+05
   1.2048181e+05
   3.6537062e+05
   6.1095450e+05
   8.5403375e+05
   1.1007000e+06
   1.3429780e+06
   1.5547910e+06
   1.7386450e+06
   1.8928110e+06
   2.0155840e+06
   2.0872960e+06
   2.1144920e+06
   2.0890660e+06
   2.0319460e+06
   1.9303730e+06
   1.7901040e+06
   1.6119400e+06
   1.4064320e+06
   1.1962520e+06
   9.6800638e+05
   7.2022512e+05
   4.5340769e+05
   1.7835031e+05
  -8.5333125e+04
  -3.2954988e+05
  -5.7290225e+05
  -8.1230688e+05
  -1.0573940e+06
  -1.2656330e+06
  -1.4222150e+06
  -1.5464130e+06
  -1.6575160e+06
  -1.7481590e+06
  -1.8117500e+06
  -1.8253440e+06
  -1.8054910e+06
  -1.7629510e+06
  -1.7014770e+06
  -1.6117980e+06
  -1.5026400e+06
  -1.3694530e+06
  -1.2224240e+06
  -1.0538860e+06
  -8.6063625e+05
  -6.4352600e+05
  -4.3220388e+05
  -2.2503100e+05
  -2.6725070e+04
   1.8460200e+05
   4.0543244e+05
   5.9898675e+05
   7.6780812e+05
   9.0358538e+05
   1.0251729e+06
   1.1398100e+06
   1.2083540e+06
   1.2222480e+06
   1.2071110e+06
   1.1716210e+06
   1.1433280e+06
   1.1038040e+06
   1.0562500e+06
   9.9233688e+05
   9.3107725e+05
   8.8001738e+05
   8.3552388e+05
   7.8819800e+05
   7.2123488e+05
   6.3738650e+05
   5.4465588e+05
   4.3273131e+05
   3.0126381e+05
   1.4912456e+05
   8.1526953e+02
  -1.4177900e+05
  -2.7683100e+05
  -4.1829094e+05
  -5.4890700e+05
  -6.4943762e+05
  -7.1890625e+05
  -7.5902250e+05
  -7.9407575e+05
  -8.1272962e+05
  -7.9352950e+05
  -7.3137288e+05
  -6.4595638e+05
  -5.5733412e+05
  -4.6362138e+05
  -3.5699969e+05
  -2.2388956e+05
  -7.5482062e+04
   5.7404219e+04
   1.6175412e+05
   2.5005119e+05
   3.5134875e+05
   4.5853950e+05
   5.3499375e+05
   5.7014325e+05
   5.7281112e+05
   5.5546688e+05
   5.2620338e+05
   4.8365431e+05
   4.0905869e+05
   3.1586775e+05
   2.2587500e+05
   1.5055025e+05
   8.0501500e+04
   1.1393961e+04
  -3.9425391e+04
  -6.8814500e+04
  -7.5971688e+04
  -8.2322250e+04
  -9.7922062e+04
  -1.0168406e+05
  -9.2378125e+04
  -9.0931312e+04
  -1.0726594e+05
  -1.5025175e+05
  -2.0818094e+05
  -2.5287694e+05
  -2.8698762e+05
  -3.2913512e+05
  -3.9432794e+05
  -4.6797000e+05
  -5.3035025e+05
  -5.6757538e+05
  -5.8513838e+05
  -6.1647725e+05
  -6.5173775e+05
  -6.6919788e+05
  -6.7158275e+05
  -6.5641988e+05
  -6.5161288e+05
  -6.4864425e+05
  -6.2880238e+05
  -5.8661212e+05
  -5.4019988e+05
  -5.0168569e+05
  -4.4571825e+05
  -3.7765231e+05
  -2.9571125e+05
  -2.1585756e+05
  -1.4319406e+05
  -6.3948734e+04
   2.1349547e+04
   1.0404688e+05
   1.7810612e+05
   2.2674656e+05
   2.4984481e+05
   2.8047762e+05
   3.3560138e+05
   3.8214194e+05
   4.0969256e+05
   4.1220712e+05
   4.3121969e+05
   4.7181094e+05
   5.1705188e+05
   5.4290800e+05
   5.5011675e+05
   5.5387250e+05
   5.6929300e+05
   5.6971300e+05
   5.4067588e+05
   4.9023975e+05
   4.2801612e+05
   3.5831900e+05
   2.9111356e+05
   2.1543806e+05
   1.3367888e+05
   6.0855719e+04
  -4.2408594e+03
  -6.2049953e+04
  -1.2469219e+05
  -1.7542150e+05
  -2.0731844e+05
  -2.1774550e+05
  -2.1627256e+05
  -2.2329312e+05
  -2.4509969e+05
  -2.4548781e+05
  -2.2613694e+05
  -2.0329162e+05
  -2.1524512e+05
  -2.3571106e+05
  -2.4436488e+05
  -2.2608806e+05
  -1.8959781e+05
  -1.6448012e+05
  -1.5894650e+05
  -1.4887262e+05
  -1.0948644e+05
  -5.2963180e+04
   1.1171883e+04
   7.4677062e+04
   1.3207556e+05
   1.7877012e+05
   2.1460738e+05
   2.3589806e+05
   2.4764525e+05
   2.5882781e+05
   2.7322575e+05
   2.7847412e+05
   2.6851762e+05
   2.4773462e+05
   2.5086100e+05
   2.6825925e+05
   2.9525912e+05
   3.2010250e+05
   3.3475769e+05
   3.6544800e+05
   4.0968175e+05
   4.4809212e+05
   4.6383675e+05
   4.4975719e+05
   4.0965488e+05
   3.6565969e+05
   3.2124550e+05
   2.6475294e+05
   1.9482012e+05
   1.1426025e+05
   4.1354930e+04
  -1.3748305e+04
  -6.1698914e+04
  -1.0317350e+05
  -1.4346081e+05
  -1.7075294e+05
  -1.7737450e+05
  -1.8349806e+05
  -1.9288031e+05
  -1.9177138e+05
  -1.7703662e+05
  -1.6281256e+05
  -1.5624612e+05
  -1.7628606e+05
  -1.9425162e+05
  -2.0586500e+05
  -2.0655875e+05
  -2.0844188e+05
  -2.3353838e+05
  -2.6166325e+05
  -2.6378894e+05
  -2.3790019e+05
  -2.1213644e+05
  -2.0621256e+05
  -2.0678656e+05
  -2.0200975e+05
  -1.8884725e+05
  -1.7319606e+05
  -1.6846450e+05
  -1.7214444e+05
  -1.6717019e+05
  -1.7487725e+05
  -1.7919006e+05
  -1.9763562e+05
  -2.2830994e+05
  -2.4811644e+05
  -2.7371600e+05
  -3.0712925e+05
  -3.4661225e+05
  -3.9069119e+05
  -4.2256412e+05
  -4.4167175e+05
  -4.4955319e+05
  -4.5398831e+05
  -4.5597881e+05
  -4.3842612e+05
  -3.9883069e+05
  -3.3669269e+05
  -2.7076381e+05
  -2.1381794e+05
  -1.6068931e+05
  -8.7295125e+04
  -1.5451883e+04
   4.8736188e+04
   8.7976375e+04
   1.0483294e+05
   1.2597494e+05
   1.4421775e+05
   1.6490144e+05
   1.7660494e+05
   1.9727806e+05
   2.0737444e+05
   2.2985438e+05
   2.5792412e+05
   3.0014812e+05
   3.5056900e+05
   4.0018569e+05
   4.4736875e+05
   4.9323938e+05
   5.3087662e+05
   5.7336775e+05
   6.0970775e+05
   6.4928788e+05
   6.5535250e+05
   6.4365862e+05
   6.2697350e+05
   6.0985500e+05
   5.9282862e+05
   5.6934188e+05
   5.4184688e+05
   5.0846556e+05
   4.6600988e+05
   4.2819781e+05
   3.7490181e+05
   3.3363331e+05
   2.8052088e+05
   2.3125131e+05
   1.6565481e+05
   9.1326250e+04
   2.8673992e+04
  -1.7377559e+04
  -7.2492438e+04
  -1.5093606e+05
  -2.5683625e+05
  -3.4480581e+05
  -4.1646100e+05
  -4.7581356e+05
  -5.5408575e+05
  -6.4211475e+05
  -7.1458450e+05
  -7.5795425e+05
  -7.6846600e+05
  -7.7623225e+05
  -7.8723338e+05
  -7.8920425e+05
  -7.6819738e+05
  -7.1606988e+05
  -6.6170000e+05
  -6.0270912e+05
  -5.4482262e+05
  -4.8155900e+05
  -4.0369825e+05
  -3.3755038e+05
  -2.6930388e+05
  -1.8298781e+05
  -9.4180188e+04
  -8.5179297e+02
   8.3728375e+04
   1.5893000e+05
   2.3383150e+05
   3.2276875e+05
   4.1724494e+05
   4.8252369e+05
   5.2162325e+05
   5.4526212e+05
   5.7228875e+05
   5.8662538e+05
   5.8858062e+05
   5.5842775e+05
   5.1723081e+05
   4.7490156e+05
   4.4877000e+05
   4.0678438e+05
   3.5450275e+05
   2.9359825e+05
   2.3457138e+05
   1.7555338e+05
   1.1062800e+05
   3.0441797e+04
  -4.7897242e+04
  -1.3183419e+05
  -2.0489044e+05
  -2.8020288e+05
  -3.5683369e+05
  -4.3223600e+05
  -5.0030169e+05
  -5.3717375e+05
  -5.6223512e+05
  -5.8380612e+05
  -6.1250212e+05
  -6.1344562e+05
  -5.7965850e+05
  -5.2046150e+05
  -4.6317138e+05
  -4.0241338e+05
  -3.2746294e+05
  -2.3229038e+05
  -1.1227394e+05
   8.5356641e+02
   9.8276188e+04
   1.8476188e+05
   2.6585375e+05
   3.4530800e+05
   4.1799269e+05
   4.8390519e+05
   5.3307138e+05
   5.7992488e+05
   6.0851500e+05
   6.3649300e+05
   6.5417712e+05
   6.6647088e+05
   6.6944525e+05
   6.5667325e+05
   6.0576188e+05
   5.3383975e+05
   4.5060269e+05
   3.6776994e+05
   2.8572362e+05
   1.9566431e+05
   9.4827812e+04
  -7.9128320e+02
  -7.6155500e+04
  -1.4574406e+05
  -2.0110850e+05
  -2.5210606e+05
  -3.0046525e+05
  -3.4746525e+05
  -3.8629475e+05
  -4.1114319e+05
  -4.1637894e+05
  -4.1821356e+05
  -4.2254631e+05
  -4.3183775e+05
  -4.3132206e+05
  -3.9975644e+05
  -3.6482388e+05
  -3.3386856e+05
  -3.1867706e+05
  -2.9198744e+05
  -2.5035206e+05
  -1.9577275e+05
  -1.4406931e+05
  -9.9472562e+04
  -5.6778102e+04
  -1.5833160e+04
   1.7510695e+04
   4.0068672e+04
   6.1926898e+04
   8.6000562e+04
   1.1309488e+05
   1.2725738e+05
   1.3112762e+05
   1.3949600e+05
   1.5732894e+05
   1.9114631e+05
   2.1462356e+05
   2.2861662e+05
   2.3233262e+05
   2.3084456e+05
   2.5415231e+05
   2.6069381e+05
   2.5921662e+05
   2.3402725e+05
   2.1488862e+05
   2.1379538e+05
   2.1840069e+05
   2.0822806e+05
   1.8769350e+05
   1.6115262e+05
   1.4059988e+05
   1.2036612e+05
   8.9341312e+04
   4.6386945e+04
  -1.5613922e+04
  -7.7844812e+04
  -1.4807188e+05
  -2.1816112e+05
  -2.8200044e+05
  -3.4605238e+05
  -4.0582438e+05
  -4.7149162e+05
  -5.4437875e+05
  -6.1804500e+05
  -6.7106188e+05
  -6.9878238e+05
  -7.0069412e+05
  -7.0891562e+05
  -7.2507812e+05
  -7.2744300e+05
  -7.0266975e+05
  -6.6153862e+05
  -6.1224950e+05
  -5.7546825e+05
  -5.4078875e+05
  -4.8609681e+05
  -4.0023012e+05
  -3.1785781e+05
  -2.3878088e+05
  -1.6467844e+05
  -7.6877562e+04
   1.9397598e+04
   1.1640619e+05
   2.0966888e+05
   2.9002681e+05
   3.7519075e+05
   4.4640569e+05
   5.0919544e+05
   5.5044288e+05
   5.8831062e+05
   6.2901975e+05
   6.6743462e+05
   6.7386588e+05
   6.6262412e+05
   6.4220375e+05
   6.2777250e+05
   6.2592800e+05
   6.0913762e+05
   5.5647650e+05
   5.0148325e+05
   4.6500350e+05
   4.5256869e+05
   4.4979688e+05
   4.3181525e+05
   4.0471238e+05
   3.9417644e+05
   4.0616175e+05
   4.1178475e+05
   4.0942294e+05
   4.0801050e+05
   4.0838650e+05
   4.2218262e+05
   4.1857600e+05
   4.2955656e+05
   4.3654506e+05
   4.5149531e+05
   4.5991662e+05
   4.3431719e+05
   3.8240275e+05
   3.2381431e+05
   2.8816431e+05
   2.4610588e+05
   1.8519906e+05
   9.7080125e+04
   7.4162617e+03
  -4.7833281e+04
  -9.5058000e+04
  -1.4670631e+05
  -2.2032906e+05
  -2.8656100e+05
  -3.2401331e+05
  -3.4905644e+05
  -3.7825875e+05
  -4.2322994e+05
  -4.7522550e+05
  -5.0556019e+05
  -5.2975712e+05
  -5.6494588e+05
  -6.0650100e+05
  -6.3433688e+05
  -6.3879262e+05
  -6.4144438e+05
  -6.5476275e+05
  -6.7616362e+05
  -6.7939625e+05
  -6.5498212e+05
  -6.1457638e+05
  -5.8211800e+05
  -5.7109300e+05
  -5.5984700e+05
  -5.3099225e+05
  -4.9062231e+05
  -4.5566244e+05
  -4.3838206e+05
  -4.2473369e+05
  -3.9222050e+05
  -3.4024144e+05
  -2.8752738e+05
  -2.4146450e+05
  -1.9642825e+05
  -1.3924488e+05
  -6.2789516e+04
   1.7313406e+04
   7.8342688e+04
   1.3273125e+05
   1.8117044e+05
   2.2510669e+05
   2.5366981e+05
   2.6116544e+05
   2.8312494e+05
   3.1153650e+05
   3.2592431e+05
   3.2268694e+05
   2.9487519e+05
   2.6548675e+05
   2.5721162e+05
   2.6805600e+05
   2.7708200e+05
   2.7743038e+05
   2.6225588e+05
   2.6502000e+05
   2.8046681e+05
   2.8112312e+05
   2.6183844e+05
   2.3802150e+05
   2.2179075e+05
   2.1226938e+05
   2.0040981e+05
   1.8366119e+05
   1.6010350e+05
   1.4554456e+05
   1.4026275e+05
   1.2456319e+05
   9.2796562e+04
   5.4363883e+04
   4.8447969e+04
   4.7928922e+04
   3.3363961e+04
   4.0823633e+02
  -3.5270453e+04
  -4.4764344e+04
  -3.4173570e+04
  -2.6195840e+04
  -5.4513547e+04
  -7.7200625e+04
  -9.2852438e+04
  -9.2374500e+04
  -1.0303175e+05
  -1.2282881e+05
  -1.5772131e+05
  -1.9169425e+05
  -2.1854219e+05
  -2.2945088e+05
  -2.3411119e+05
  -2.3678162e+05
  -2.4680844e+05
  -2.5078700e+05
  -2.5066450e+05
  -2.5298419e+05
  -2.4366644e+05
  -2.2991581e+05
  -2.0917900e+05
  -1.9639388e+05
  -1.8451581e+05
  -1.7843144e+05
  -1.5444981e+05
  -1.2394181e+05
  -8.2794938e+04
  -4.0357742e+04
  -9.2010664e+03
   2.8534156e+04
   7.2242125e+04
   1.1345512e+05
   1.4127031e+05
   1.6942694e+05
   1.8566269e+05
   2.0811506e+05
   2.3038119e+05
   2.5630225e+05
   2.8065369e+05
   2.9713469e+05
   3.0400844e+05
   3.1847550e+05
   3.4053281e+05
   3.5483356e+05
   3.6862588e+05
   3.7215150e+05
   3.5813238e+05
   3.4047706e+05
   3.1414631e+05
   2.9933175e+05
   2.7637031e+05
   2.4501044e+05
   1.8993056e+05
   1.1954231e+05
   6.2464297e+04
   1.8445074e+04
  -2.9294750e+04
  -7.8498000e+04
  -1.3787700e+05
  -1.9364325e+05
  -2.3053212e+05
  -2.5624244e+05
  -2.6739519e+05
  -2.8932369e+05
  -2.9801906e+05
  -3.0565331e+05
  -2.9778106e+05
  -2.7267938e+05
  -2.2895156e+05
  -1.8208412e+05
  -1.4231869e+05
  -9.2513438e+04
  -2.7147320e+04
   4.4279422e+04
   1.1445919e+05
   1.7313606e+05
   2.3174956e+05
   2.7338988e+05
   3.0278625e+05
   3.1678544e+05
   3.2792725e+05
   3.3022619e+05
   3.1358725e+05
   2.8445606e+05
   2.4448088e+05
   2.0338362e+05
   1.7731488e+05
   1.4610775e+05
   1.0606138e+05
   6.2264695e+04
   2.3344320e+04
  -1.2043469e+04
  -3.6855000e+04
  -6.2219992e+04
  -8.7590688e+04
  -1.1525038e+05
  -1.4996131e+05
  -1.9147462e+05
  -2.2442362e+05
  -2.5967231e+05
  -3.0507194e+05
  -3.4438350e+05
  -3.8720700e+05
  -4.1818669e+05
  -4.4182788e+05
  -4.5267594e+05
  -4.6212194e+05
  -4.6326856e+05
  -4.6690825e+05
  -4.6012475e+05
  -4.3988956e+05
  -4.1690712e+05
  -3.7791700e+05
  -3.4754806e+05
  -3.1365431e+05
  -2.7509375e+05
  -2.2113262e+05
  -1.7625406e+05
  -1.3393575e+05
  -9.8934750e+04
  -7.8051438e+04
  -4.6131203e+04
  -9.5016133e+03
   4.2708328e+04
   8.4302562e+04
   1.1690412e+05
   1.3451869e+05
   1.5119094e+05
   1.8712775e+05
   2.2531181e+05
   2.4949581e+05
   2.6896212e+05
   2.9064812e+05
   3.0763656e+05
   3.2231019e+05
   3.3081381e+05
   3.4934162e+05
   3.6060012e+05
   3.7045012e+05
   3.6420562e+05
   3.4817562e+05
   3.3897281e+05
   3.3010738e+05
   3.2502888e+05
   3.0972012e+05
   2.7147662e+05
   2.3274562e+05
   2.1711906e+05
   2.0545325e+05
   1.8394181e+05
   1.5172131e+05
   9.8427000e+04
   4.9482414e+04
   1.3052559e+04
  -1.8700965e+04
  -5.3717695e+04
  -9.0836938e+04
  -1.3410881e+05
  -1.7578094e+05
  -2.0690756e+05
  -2.2002212e+05
  -2.2812000e+05
  -2.4040606e+05
  -2.4445975e+05
  -2.5692962e+05
  -2.5896169e+05
  -2.5566881e+05
  -2.4874044e+05
  -2.3298262e+05
  -2.1999912e+05
  -2.0479994e+05
  -1.9185312e+05
  -1.8009731e+05
  -1.6317012e+05
  -1.5591369e+05
  -1.4224525e+05
  -1.3213006e+05
  -1.1952994e+05
  -1.0307919e+05
  -7.5482562e+04
  -5.2557594e+04
  -3.6733852e+04
  -1.5660980e+04
   6.3295742e+03
   4.1295320e+04
   7.4754438e+04
   9.5949625e+04
   1.1688750e+05
   1.3524969e+05
   1.4184931e+05
   1.3766988e+05
   1.3029456e+05
   1.2988438e+05
   1.1632775e+05
   8.9900938e+04
   6.4766719e+04
   5.3178469e+04
   4.9271188e+04
   4.9041711e+04
   4.3819922e+04
   2.7335953e+04
   2.3256215e+04
   1.9960926e+04
   3.4566891e+04
   4.2504766e+04
   5.1993742e+04
   5.7914664e+04
   5.5666133e+04
   5.5032836e+04
   6.2533875e+04
   7.6752500e+04
   8.2682688e+04
   7.1920375e+04
   5.2367562e+04
   4.0676742e+04
   3.9849680e+04
   4.5334141e+04
   4.1275383e+04
   3.4411578e+04
   2.5059070e+04
   2.7820727e+04
   4.0375562e+04
   5.8262594e+04
   8.3478938e+04
   1.0523262e+05
   1.1738325e+05
   1.2657131e+05
   1.3810481e+05
   1.6018675e+05
   1.7596950e+05
   1.8386088e+05
   1.7211369e+05
   1.5428462e+05
   1.3949825e+05
   1.3149912e+05
   1.0929581e+05
   8.3950000e+04
   6.6178875e+04
   4.0435359e+04
   2.6394098e+04
   9.3476055e+03
  -6.7932344e+03
  -4.0262141e+04
  -6.4344750e+04
  -9.5851312e+04
  -1.1650662e+05
  -1.3647238e+05
  -1.5772700e+05
  -1.8994431e+05
  -2.2942644e+05
  -2.7407675e+05
  -3.1070375e+05
  -3.4032756e+05
  -3.6311650e+05
  -3.8568806e+05
  -4.1246938e+05
  -4.3886419e+05
  -4.4600000e+05
  -4.4862450e+05
  -4.2514719e+05
  -3.9979450e+05
  -3.9011325e+05
  -3.9159706e+05
  -3.6974394e+05
  -3.2876588e+05
   0.0000000e+00
   0.0000000e+00
   0.0000000e+00
   0.0000000e+00
   0.0000000e+00
   0.0000000e+00
   0.0000000e+00
   0.0000000e+00
   0.0000000e+00
   0.0000000e+00
   0.0000000e+00
   0.0000000e+00
   0.0000000e+00
   0.0000000e+00
   0.0000000e+00
   0.0000000e+00
   0.0000000e+00
   0.0000000e+00
   0.0000000e+00
   0.0000000e+00
   0.0000000e+00
   0.0000000e+00
   0.0000000e+00
   0.0000000e+00
   0.0000000e+00
   0.0000000e+00
   0.0000000e+00
   0.0000000e+00
   0.0000000e+00
   0.0000000e+00
   0.0000000e+00
   0.0000000e+00
   0.0000000e+00
   0.0000000e+00
   0.0000000e+00
   0.0000000e+00
   0.0000000e+00
   0.0000000e+00
   0.0000000e+00
   0.0000000e+00
   0.0000000e+00
   0.0000000e+00
   0.0000000e+00
   0.0000000e+00
   0.0000000e+00
   0.0000000e+00
   0.0000000e+00
   0.0000000e+00
   0.0000000e+00
   0.0000000e+00
   0.0000000e+00
   0.0000000e+00
   0.0000000e+00
   0.0000000e+00
   0.0000000e+00
   0.0000000e+00
   0.0000000e+00
   0.0000000e+00
   0.0000000e+00
   0.0000000e+00
   0.0000000e+00
   0.0000000e+00
   0.0000000e+00
   0.0000000e+00
   0.0000000e+00
   0.0000000e+00
   0.0000000e+00
   0.0000000e+00
   0.0000000e+00
   0.0000000e+00
   0.0000000e+00
   0.0000000e+00
   0.0000000e+00
   0.0000000e+00
   0.0000000e+00
   0.0000000e+00
   0.0000000e+00
   0.0000000e+00
   0.0000000e+00
   0.0000000e+00
   0.0000000e+00
   0.0000000e+00
   0.0000000e+00
   0.0000000e+00
   0.0000000e+00
   0.0000000e+00
   0.0000000e+00
   0.0000000e+00
   0.0000000e+00
   0.0000000e+00
   0.0000000e+00
   0.0000000e+00
   0.0000000e+00
   0.0000000e+00
   0.0000000e+00
   0.0000000e+00
   0.0000000e+00
   0.0000000e+00
   0.0000000e+00
   0.0000000e+00
   0.0000000e+00
   0.0000000e+00
   0.0000000e+00
   0.0000000e+00
   0.0000000e+00
   0.0000000e+00
   0.0000000e+00
   0.0000000e+00
   0.0000000e+00
   0.0000000e+00
   0.0000000e+00
   0.0000000e+00
   0.0000000e+00
   0.0000000e+00
   0.0000000e+00
   0.0000000e+00
   0.0000000e+00
   0.0000000e+00
   0.0000000e+00
   0.0000000e+00
   0.0000000e+00
   0.0000000e+00
   0.0000000e+00
   0.0000000e+00
   0.0000000e+00
   0.0000000e+00
   0.0000000e+00
   0.0000000e+00
   0.0000000e+00
   0.0000000e+00
   0.0000000e+00
   0.0000000e+00
   0.0000000e+00
   0.0000000e+00
   0.0000000e+00
   0.0000000e+00
   0.0000000e+00
   0.0000000e+00
   0.0000000e+00
   0.0000000e+00
   0.0000000e+00
   0.0000000e+00
   0.0000000e+00
   0.0000000e+00
   0.0000000e+00
   0.0000000e+00
   0.0000000e+00
   0.0000000e+00
   0.0000000e+00
   0.0000000e+00
   0.0000000e+00
   0.0000000e+00
   0.0000000e+00
   0.0000000e+00
   0.0000000e+00
   0.0000000e+00
   0.0000000e+00
   0.0000000e+00
   0.0000000e+00
   0.0000000e+00
   0.0000000e+00
   0.0000000e+00
   0.0000000e+00
   0.0000000e+00
   0.0000000e+00
   0.0000000e+00
   0.0000000e+00
   0.0000000e+00
   0.0000000e+00
   0.0000000e+00
   0.0000000e+00
   0.0000000e+00
   0.0000000e+00
   0.0000000e+00
   0.0000000e+00
   0.0000000e+00
   0.0000000e+00
   0.0000000e+00
   0.0000000e+00
   0.0000000e+00
   0.0000000e+00
   0.0000000e+00
   0.0000000e+00
   0.0000000e+00
   0.0000000e+00
   0.0000000e+00
   0.0000000e+00
   0.0000000e+00
   0.0000000e+00
   0.0000000e+00
   0.0000000e+00
   0.0000000e+00
   0.0000000e+00
   0.0000000e+00
   0.0000000e+00
   0.0000000e+00
   0.0000000e+00
   0.0000000e+00
   0.0000000e+00
   0.0000000e+00
   0.0000000e+00
   0.0000000e+00
   0.0000000e+00
   0.0000000e+00
   0.0000000e+00
   0.0000000e+00
   0.0000000e+00
   0.0000000e+00
   0.0000000e+00
   0.0000000e+00
   0.0000000e+00
   0.0000000e+00
   0.0000000e+00
   0.0000000e+00
   0.0000000e+00
   0.0000000e+00
   0.0000000e+00
   0.0000000e+00
   0.0000000e+00
   0.0000000e+00
   0.0000000e+00
   0.0000000e+00
   0.0000000e+00
   0.0000000e+00
   0.0000000e+00
   0.0000000e+00
   0.0000000e+00
   0.0000000e+00
   0.0000000e+00
   0.0000000e+00
   0.0000000e+00
   0.0000000e+00
   0.0000000e+00
   0.0000000e+00
   0.0000000e+00
   0.0000000e+00
   0.0000000e+00
   0.0000000e+00
   0.0000000e+00
   0.0000000e+00
   0.0000000e+00
   0.0000000e+00
   0.0000000e+00
   0.0000000e+00
   0.0000000e+00
   0.0000000e+00
   0.0000000e+00
   0.0000000e+00
   0.0000000e+00
   0.0000000e+00
   0.0000000e+00
   0.0000000e+00
   0.0000000e+00
   0.0000000e+00
   0.0000000e+00
   0.0000000e+00
   0.0000000e+00
   0.0000000e+00
   0.0000000e+00
   0.0000000e+00
   0.0000000e+00
   0.0000000e+00
   0.0000000e+00
   0.0000000e+00
   0.0000000e+00
   0.0000000e+00
   0.0000000e+00
   0.0000000e+00
   0.0000000e+00
   0.0000000e+00
   0.0000000e+00
   0.0000000e+00
   0.0000000e+00
   0.0000000e+00
   0.0000000e+00
   0.0000000e+00
   0.0000000e+00
   0.0000000e+00
   0.0000000e+00
   0.0000000e+00
   0.0000000e+00
   0.0000000e+00
   0.0000000e+00
   0.0000000e+00
   0.0000000e+00
   0.0000000e+00
   0.0000000e+00
   0.0000000e+00
   0.0000000e+00
   0.0000000e+00
   0.0000000e+00
   0.0000000e+00
   0.0000000e+00
   0.0000000e+00
   0.0000000e+00
   0.0000000e+00
   0.0000000e+00
   0.0000000e+00
   0.0000000e+00
   0.0000000e+00
   0.0000000e+00
   0.0000000e+00
   0.0000000e+00
   0.0000000e+00
   0.0000000e+00
   0.0000000e+00
   0.0000000e+00
   0.0000000e+00
   0.0000000e+00
   0.0000000e+00
   0.0000000e+00
   0.0000000e+00
   0.0000000e+00
   0.0000000e+00
   0.0000000e+00
   0.0000000e+00
   0.0000000e+00
   0.0000000e+00
   0.0000000e+00
   0.0000000e+00
   0.0000000e+00
   0.0000000e+00
   0.0000000e+00
   0.0000000e+00
   0.0000000e+00
   0.0000000e+00
   0.0000000e+00
   0.0000000e+00
   0.0000000e+00
   0.0000000e+00
   0.0000000e+00
   0.0000000e+00
   0.0000000e+00
   0.0000000e+00
   0.0000000e+00
   0.0000000e+00
   0.0000000e+00
   0.0000000e+00
   0.0000000e+00
   0.0000000e+00
   0.0000000e+00
   0.0000000e+00
   0.0000000e+00
   0.0000000e+00
   0.0000000e+00
   0.0000000e+00
   0.0000000e+00
   0.0000000e+00
   0.0000000e+00
   0.0000000e+00
   0.0000000e+00
   0.0000000e+00
   0.0000000e+00
   0.0000000e+00
   0.0000000e+00
   0.0000000e+00
   0.0000000e+00
   0.0000000e+00
   0.0000000e+00
   0.0000000e+00
   0.0000000e+00
   0.0000000e+00
   0.0000000e+00
   0.0000000e+00
   0.0000000e+00
   0.0000000e+00
   0.0000000e+00
   0.0000000e+00
   0.0000000e+00
   0.0000000e+00
   0.0000000e+00
   0.0000000e+00
   0.0000000e+00
   0.0000000e+00
   0.0000000e+00
   0.0000000e+00
   0.0000000e+00
   0.0000000e+00
   0.0000000e+00
   0.0000000e+00
   0.0000000e+00
   0.0000000e+00
   0.0000000e+00
   0.0000000e+00
   0.0000000e+00
   0.0000000e+00
   0.0000000e+00
   0.0000000e+00
   0.0000000e+00
   0.0000000e+00
   0.0000000e+00
   0.0000000e+00
   0.0000000e+00
   0.0000000e+00
   0.0000000e+00
   0.0000000e+00
   0.0000000e+00
   0.0000000e+00
   0.0000000e+00
   0.0000000e+00
   0.0000000e+00
   0.0000000e+00
   0.0000000e+00
   0.0000000e+00
   0.0000000e+00
   0.0000000e+00
   0.0000000e+00
   0.0000000e+00
   0.0000000e+00
   0.0000000e+00
   0.0000000e+00
   0.0000000e+00
   0.0000000e+00
   0.0000000e+00
   0.0000000e+00
   0.0000000e+00
   0.0000000e+00
   0.0000000e+00
   0.0000000e+00
   0.0000000e+00
   0.0000000e+00
   0.0000000e+00
   0.0000000e+00
   0.0000000e+00
   0.0000000e+00
   0.0000000e+00
   0.0000000e+00
   0.0000000e+00
   0.0000000e+00
   0.0000000e+00
   0.0000000e+00
   0.0000000e+00
   0.0000000e+00
   0.0000000e+00
   0.0000000e+00
   0.0000000e+00
   0.0000000e+00
   0.0000000e+00
   0.0000000e+00
   0.0000000e+00
   0.0000000e+00
   0.0000000e+00
   0.0000000e+00
   0.0000000e+00
   0.0000000e+00
   0.0000000e+00
   0.0000000e+00
   0.0000000e+00
   0.0000000e+00
   0.0000000e+00
   0.0000000e+00
   0.0000000e+00
   0.0000000e+00
   0.0000000e+00
   0.0000000e+00
   0.0000000e+00
   0.0000000e+00
   0.0000000e+00
   0.0000000e+00
   0.0000000e+00
   0.0000000e+00
   0.0000000e+00
   0.0000000e+00
   0.0000000e+00
   0.0000000e+00
   0.0000000e+00
   0.0000000e+00
   0.0000000e+00
   0.0000000e+00
   0.0000000e+00
   0.0000000e+00
   0.0000000e+00
   0.0000000e+00
   0.0000000e+00
   0.0000000e+00
   0.0000000e+00
   0.0000000e+00
   0.0000000e+00
   0.0000000e+00
   0.0000000e+00
   0.0000000e+00
   0.0000000e+00
   0.0000000e+00
   0.0000000e+00
   0.0000000e+00
   0.0000000e+00
   0.0000000e+00
   0.0000000e+00
   0.0000000e+00
   0.0000000e+00
   0.0000000e+00
   0.0000000e+00
   0.0000000e+00
   0.0000000e+00
   0.0000000e+00
   0.0000000e+00
   0.0000000e+00
   0.0000000e+00
   0.0000000e+00
   0.0000000e+00
   0.0000000e+00
   0.0000000e+00
   0.0000000e+00
   0.0000000e+00
   0.0000000e+00
   0.0000000e+00
   0.0000000e+00
   0.0000000e+00
   0.0000000e+00
   0.0000000e+00
   0.0000000e+00
   0.0000000e+00
   0.0000000e+00
   0.0000000e+00
   0.0000000e+00
   0.0000000e+00
   0.0000000e+00
   0.0000000e+00
   0.0000000e+00
   0.0000000e+00
   0.0000000e+00
   0.0000000e+00
   0.0000000e+00
   0.0000000e+00
   0.0000000e+00
   0.0000000e+00
   0.0000000e+00
   0.0000000e+00
   0.0000000e+00
   0.0000000e+00
   0.0000000e+00
   0.0000000e+00
   0.0000000e+00
   0.0000000e+00
   0.0000000e+00
   0.0000000e+00
   0.0000000e+00
   0.0000000e+00
   0.0000000e+00
   0.0000000e+00
   0.0000000e+00
   0.0000000e+00
   0.0000000e+00
   0.0000000e+00
   0.0000000e+00
   0.0000000e+00
   0.0000000e+00
   0.0000000e+00
   0.0000000e+00
   0.0000000e+00
   0.0000000e+00
   0.0000000e+00
   0.0000000e+00
   0.0000000e+00
   0.0000000e+00
   0.0000000e+00
   0.0000000e+00
   0.0000000e+00
   0.0000000e+00
   0.0000000e+00
   0.0000000e+00
   0.0000000e+00
   0.0000000e+00
   0.0000000e+00
   0.0000000e+00
